2016:01:20:16:28:11 3304 -33 23.600000000000023
2016:01:20:16:28:21 3304 -33 23.600000000000023
2016:01:20:16:28:31 3304 -33 23.600000000000023
2016:01:20:16:28:41 3304 -33 23.600000000000023
2016:01:20:16:28:51 3304 -33 23.600000000000023
2016:01:20:16:29:01 3304 -33 23.600000000000023
2016:01:20:16:29:11 3304 -33 23.600000000000023
2016:01:20:16:29:21 3304 -33 23.600000000000023
2016:01:20:16:29:31 3304 -33 23.600000000000023
2016:01:20:16:29:41 3304 -33 23.600000000000023
2016:01:20:16:29:51 3304 -33 23.600000000000023
2016:01:20:16:30:01 3304 -33 23.600000000000023
2016:01:20:16:30:11 3304 -33 23.600000000000023
2016:01:20:16:30:21 3304 -33 23.600000000000023
2016:01:20:16:30:31 3304 -33 23.600000000000023
2016:01:20:16:30:41 3304 -33 23.600000000000023
2016:01:20:16:30:51 3304 -33 23.600000000000023
2016:01:20:16:31:01 3304 -33 23.600000000000023
2016:01:20:16:31:11 3304 -33 23.600000000000023
2016:01:20:16:31:21 3304 -33 23.600000000000023
2016:01:20:16:31:31 3304 -33 23.600000000000023
2016:01:20:16:31:41 3304 -33 23.600000000000023
2016:01:20:16:31:51 3304 -33 23.600000000000023
2016:01:20:16:32:01 3304 -33 23.600000000000023
2016:01:20:16:32:11 3304 -33 23.600000000000023
2016:01:20:16:32:21 3304 -33 23.600000000000023
2016:01:20:16:32:31 3304 -33 23.69999999999999
2016:01:20:16:32:41 3304 -33 23.69999999999999
2016:01:20:16:32:51 3304 -33 23.69999999999999
2016:01:20:16:33:01 3304 -33 23.69999999999999
2016:01:20:16:33:11 3304 -33 23.69999999999999
2016:01:20:16:33:21 3304 -33 23.69999999999999
2016:01:20:16:33:31 3304 -33 23.69999999999999
2016:01:20:16:33:41 3304 -33 23.69999999999999
2016:01:20:16:33:51 3304 -33 23.69999999999999
2016:01:20:16:34:01 3304 -33 23.69999999999999
2016:01:20:16:34:11 3304 -33 23.69999999999999
2016:01:20:16:34:21 3304 -33 23.69999999999999
2016:01:20:16:34:31 3304 -33 23.69999999999999
2016:01:20:16:34:41 3304 -33 23.69999999999999
2016:01:20:16:34:51 3304 -33 23.69999999999999
2016:01:20:16:35:01 3304 -33 23.69999999999999
2016:01:20:16:35:11 3304 -33 23.69999999999999
2016:01:20:16:35:21 3304 -33 23.69999999999999
2016:01:20:16:35:31 3304 -33 23.69999999999999
2016:01:20:16:35:41 3304 -33 23.69999999999999
2016:01:20:16:35:51 3304 -33 23.80000000000001
2016:01:20:16:36:01 3304 -33 23.80000000000001
2016:01:20:16:36:11 3303 -33 23.80000000000001
2016:01:20:16:36:21 3304 -33 23.80000000000001
2016:01:20:16:36:31 3303 -33 23.80000000000001
2016:01:20:16:36:41 3304 -33 23.80000000000001
2016:01:20:16:36:51 3304 -33 23.80000000000001
2016:01:20:16:37:01 3304 -33 23.80000000000001
2016:01:20:16:37:11 3304 -33 23.80000000000001
2016:01:20:16:37:21 3303 -33 23.80000000000001
2016:01:20:16:37:31 3304 -33 23.80000000000001
2016:01:20:16:37:41 3304 -33 23.80000000000001
2016:01:20:16:37:51 3304 -33 23.80000000000001
2016:01:20:16:38:01 3304 -33 23.80000000000001
2016:01:20:16:38:11 3303 -33 23.80000000000001
2016:01:20:16:38:21 3303 -33 23.80000000000001
2016:01:20:16:38:31 3303 -33 23.80000000000001
2016:01:20:16:38:41 3303 -33 23.80000000000001
2016:01:20:16:38:51 3303 -33 23.80000000000001
2016:01:20:16:39:01 3303 -33 23.80000000000001
2016:01:20:16:39:11 3304 -33 23.80000000000001
2016:01:20:16:39:21 3303 -33 23.80000000000001
2016:01:20:16:39:31 3304 -33 23.80000000000001
2016:01:20:16:39:41 3304 -33 23.80000000000001
2016:01:20:16:39:51 3303 -33 23.80000000000001
2016:01:20:16:40:01 3303 -33 23.80000000000001
2016:01:20:16:40:11 3303 -33 23.80000000000001
2016:01:20:16:40:21 3303 -33 23.80000000000001
2016:01:20:16:40:31 3303 -33 23.80000000000001
2016:01:20:16:40:41 3303 -33 23.80000000000001
2016:01:20:16:40:51 3303 -33 23.80000000000001
2016:01:20:16:41:01 3303 -33 23.80000000000001
2016:01:20:16:41:11 3303 -33 23.80000000000001
2016:01:20:16:41:21 3303 -33 23.80000000000001
2016:01:20:16:41:31 3303 -33 23.80000000000001
2016:01:20:16:41:41 3303 -33 23.80000000000001
2016:01:20:16:41:51 3303 -33 23.80000000000001
2016:01:20:16:42:01 3303 -33 23.80000000000001
2016:01:20:16:42:11 3303 -33 23.80000000000001
2016:01:20:16:42:21 3303 -33 23.80000000000001
2016:01:20:16:42:31 3303 -33 23.80000000000001
2016:01:20:16:42:41 3303 -33 23.80000000000001
2016:01:20:16:42:51 3303 -33 23.80000000000001
2016:01:20:16:43:01 3303 -33 23.69999999999999
2016:01:20:16:43:11 3303 -33 23.80000000000001
2016:01:20:16:43:21 3303 -33 23.80000000000001
2016:01:20:16:43:31 3303 -33 23.80000000000001
2016:01:20:16:43:41 3303 -33 23.80000000000001
2016:01:20:16:43:51 3303 -33 23.69999999999999
2016:01:20:16:44:01 3303 -33 23.80000000000001
2016:01:20:16:44:11 3303 -33 23.80000000000001
2016:01:20:16:44:21 3303 -33 23.80000000000001
2016:01:20:16:44:31 3303 -33 23.69999999999999
2016:01:20:16:44:41 3303 -33 23.69999999999999
2016:01:20:16:44:51 3303 -33 23.69999999999999
2016:01:20:16:45:01 3303 -33 23.69999999999999
2016:01:20:16:45:11 3303 -33 23.69999999999999
2016:01:20:16:45:21 3303 -33 23.69999999999999
2016:01:20:16:45:31 3303 -33 23.69999999999999
2016:01:20:16:45:41 3303 -33 23.69999999999999
2016:01:20:16:45:51 3303 -33 23.69999999999999
2016:01:20:16:46:01 3303 -33 23.69999999999999
2016:01:20:16:46:11 3303 -33 23.69999999999999
2016:01:20:16:46:21 3303 -33 23.69999999999999
2016:01:20:16:46:31 3303 -33 23.69999999999999
2016:01:20:16:46:41 3303 -33 23.69999999999999
2016:01:20:16:46:51 3303 -33 23.69999999999999
2016:01:20:16:47:01 3303 -33 23.69999999999999
2016:01:20:16:47:11 3303 -33 23.69999999999999
2016:01:20:16:47:21 3303 -33 23.69999999999999
2016:01:20:16:47:31 3303 -33 23.69999999999999
2016:01:20:16:47:41 3303 -33 23.69999999999999
2016:01:20:16:47:51 3303 -33 23.69999999999999
2016:01:20:16:48:01 3303 -33 23.69999999999999
2016:01:20:16:48:11 3303 -33 23.69999999999999
2016:01:20:16:48:21 3303 -33 23.69999999999999
2016:01:20:16:48:31 3303 -33 23.69999999999999
2016:01:20:16:48:41 3303 -33 23.69999999999999
2016:01:20:16:48:51 3303 -33 23.80000000000001
2016:01:20:16:49:01 3303 -33 23.80000000000001
2016:01:20:16:49:11 3303 -33 23.69999999999999
2016:01:20:16:49:21 3303 -33 23.80000000000001
2016:01:20:16:49:31 3303 -33 23.80000000000001
2016:01:20:16:49:41 3303 -33 23.80000000000001
2016:01:20:16:49:51 3303 -33 23.80000000000001
2016:01:20:16:50:01 3303 -33 23.80000000000001
2016:01:20:16:50:11 3303 -33 23.80000000000001
2016:01:20:16:50:21 3303 -33 23.80000000000001
2016:01:20:16:50:31 3303 -33 23.80000000000001
2016:01:20:16:50:41 3303 -33 23.80000000000001
2016:01:20:16:50:51 3303 -33 23.80000000000001
2016:01:20:16:51:01 3303 -33 23.69999999999999
2016:01:20:16:51:11 3303 -33 23.69999999999999
2016:01:20:16:51:21 3303 -33 23.69999999999999
2016:01:20:16:51:31 3303 -33 23.69999999999999
2016:01:20:16:51:41 3303 -33 23.69999999999999
2016:01:20:16:51:51 3303 -33 23.69999999999999
2016:01:20:16:52:01 3303 -33 23.69999999999999
2016:01:20:16:52:11 3303 -33 23.69999999999999
2016:01:20:16:52:21 3303 -33 23.69999999999999
2016:01:20:16:52:31 3303 -33 23.69999999999999
2016:01:20:16:52:41 3303 -33 23.600000000000023
2016:01:20:16:52:51 3303 -33 23.69999999999999
2016:01:20:16:53:01 3303 -33 23.69999999999999
2016:01:20:16:53:11 3303 -33 23.69999999999999
2016:01:20:16:53:21 3303 -33 23.69999999999999
2016:01:20:16:53:31 3303 -33 23.69999999999999
2016:01:20:16:53:41 3303 -33 23.69999999999999
2016:01:20:16:53:51 3303 -33 23.69999999999999
2016:01:20:16:54:01 3303 -33 23.69999999999999
2016:01:20:16:54:11 3303 -33 23.69999999999999
2016:01:20:16:54:21 3303 -33 23.69999999999999
2016:01:20:16:54:31 3303 -33 23.69999999999999
2016:01:20:16:54:41 3302 -33 23.69999999999999
2016:01:20:16:54:51 3302 -33 23.69999999999999
2016:01:20:16:55:01 3303 -33 23.69999999999999
2016:01:20:16:55:11 3302 -33 23.69999999999999
2016:01:20:16:55:21 3302 -33 23.69999999999999
2016:01:20:16:55:31 3302 -33 23.69999999999999
2016:01:20:16:55:41 3302 -33 23.69999999999999
2016:01:20:16:55:51 3303 -33 23.69999999999999
2016:01:20:16:56:01 3302 -33 23.69999999999999
2016:01:20:16:56:11 3302 -33 23.69999999999999
2016:01:20:16:56:21 3302 -33 23.69999999999999
2016:01:20:16:56:31 3302 -33 23.69999999999999
2016:01:20:16:56:41 3302 -33 23.69999999999999
2016:01:20:16:56:51 3302 -33 23.69999999999999
2016:01:20:16:57:01 3302 -33 23.69999999999999
2016:01:20:16:57:11 3302 -33 23.69999999999999
2016:01:20:16:57:21 3302 -33 23.69999999999999
2016:01:20:16:57:31 3302 -33 23.69999999999999
2016:01:20:16:57:41 3302 -33 23.69999999999999
2016:01:20:16:57:51 3302 -33 23.69999999999999
2016:01:20:16:58:01 3302 -33 23.69999999999999
2016:01:20:16:58:11 3302 -33 23.69999999999999
2016:01:20:16:58:21 3302 -33 23.69999999999999
2016:01:20:16:58:31 3302 -33 23.69999999999999
2016:01:20:16:58:41 3302 -33 23.69999999999999
2016:01:20:16:58:51 3302 -33 23.69999999999999
2016:01:20:16:59:01 3302 -33 23.69999999999999
2016:01:20:16:59:11 3302 -33 23.69999999999999
2016:01:20:16:59:21 3302 -33 23.69999999999999
2016:01:20:16:59:31 3302 -33 23.69999999999999
2016:01:20:16:59:41 3302 -33 23.69999999999999
2016:01:20:16:59:51 3302 -33 23.69999999999999
2016:01:20:17:00:01 3302 -33 23.69999999999999
2016:01:20:17:00:11 3302 -33 23.69999999999999
2016:01:20:17:00:21 3302 -33 23.600000000000023
2016:01:20:17:00:31 3302 -33 23.69999999999999
2016:01:20:17:00:41 3302 -33 23.69999999999999
2016:01:20:17:00:51 3302 -33 23.600000000000023
2016:01:20:17:01:01 3302 -33 23.600000000000023
2016:01:20:17:01:11 3302 -33 23.600000000000023
2016:01:20:17:01:21 3302 -33 23.600000000000023
2016:01:20:17:01:31 3302 -33 23.600000000000023
2016:01:20:17:01:41 3302 -33 23.600000000000023
2016:01:20:17:01:51 3302 -33 23.600000000000023
2016:01:20:17:02:01 3302 -33 23.600000000000023
2016:01:20:17:02:11 3302 -33 23.600000000000023
2016:01:20:17:02:22 3302 -33 23.600000000000023
2016:01:20:17:02:31 3302 -33 23.5
2016:01:20:17:02:41 3302 -33 23.600000000000023
2016:01:20:17:02:51 3302 -33 23.600000000000023
2016:01:20:17:03:02 3302 -33 23.600000000000023
2016:01:20:17:03:11 3302 -33 23.600000000000023
2016:01:20:17:03:21 3302 -33 23.600000000000023
2016:01:20:17:03:32 3302 -33 23.600000000000023
2016:01:20:17:03:42 3302 -33 23.600000000000023
2016:01:20:17:03:51 3302 -33 23.600000000000023
2016:01:20:17:04:02 3301 -33 23.600000000000023
2016:01:20:17:04:12 3302 -33 23.600000000000023
2016:01:20:17:04:22 3302 -33 23.600000000000023
2016:01:20:17:04:32 3302 -33 23.600000000000023
2016:01:20:17:04:42 3302 -33 23.69999999999999
2016:01:20:17:04:52 3302 -33 23.600000000000023
2016:01:20:17:05:02 3302 -33 23.69999999999999
2016:01:20:17:05:12 3302 -33 23.69999999999999
2016:01:20:17:05:22 3302 -33 23.69999999999999
2016:01:20:17:05:32 3302 -33 23.69999999999999
2016:01:20:17:05:42 3302 -33 23.69999999999999
2016:01:20:17:05:52 3301 -33 23.69999999999999
2016:01:20:17:06:02 3301 -33 23.69999999999999
2016:01:20:17:06:12 3302 -33 23.69999999999999
2016:01:20:17:06:22 3301 -33 23.69999999999999
2016:01:20:17:06:32 3302 -33 23.69999999999999
2016:01:20:17:06:42 3301 -33 23.69999999999999
2016:01:20:17:06:52 3301 -33 23.69999999999999
2016:01:20:17:07:02 3301 -33 23.69999999999999
2016:01:20:17:07:12 3301 -33 23.69999999999999
2016:01:20:17:07:22 3301 -33 23.69999999999999
2016:01:20:17:07:32 3302 -33 23.69999999999999
2016:01:20:17:07:42 3302 -33 23.69999999999999
2016:01:20:17:07:52 3301 -33 23.69999999999999
2016:01:20:17:08:02 3301 -33 23.80000000000001
2016:01:20:17:08:12 3301 -33 23.80000000000001
2016:01:20:17:08:22 3301 -33 23.80000000000001
2016:01:20:17:08:32 3301 -33 23.80000000000001
2016:01:20:17:08:42 3301 -33 23.80000000000001
2016:01:20:17:08:52 3302 -33 23.80000000000001
2016:01:20:17:09:02 3301 -33 23.80000000000001
2016:01:20:17:09:12 3301 -33 23.80000000000001
2016:01:20:17:09:22 3301 -33 23.80000000000001
2016:01:20:17:09:32 3301 -33 23.80000000000001
2016:01:20:17:09:42 3301 -33 23.80000000000001
2016:01:20:17:09:52 3301 -32 23.69999999999999
2016:01:20:17:10:02 3301 -33 23.80000000000001
2016:01:20:17:10:12 3301 -33 23.80000000000001
2016:01:20:17:10:22 3301 -33 23.69999999999999
2016:01:20:17:10:32 3301 -33 23.69999999999999
2016:01:20:17:10:42 3301 -33 23.69999999999999
2016:01:20:17:10:52 3301 -33 23.80000000000001
2016:01:20:17:11:02 3301 -33 23.69999999999999
2016:01:20:17:11:12 3301 -33 23.69999999999999
2016:01:20:17:11:22 3301 -33 23.69999999999999
2016:01:20:17:11:32 3301 -33 23.69999999999999
2016:01:20:17:11:42 3301 -33 23.69999999999999
2016:01:20:17:11:52 3301 -33 23.69999999999999
2016:01:20:17:12:02 3301 -33 23.69999999999999
2016:01:20:17:12:12 3301 -33 23.69999999999999
2016:01:20:17:12:22 3301 -33 23.600000000000023
2016:01:20:17:12:32 3301 -33 23.69999999999999
2016:01:20:17:12:42 3301 -33 23.69999999999999
2016:01:20:17:12:52 3301 -33 23.69999999999999
2016:01:20:17:13:02 3301 -33 23.69999999999999
2016:01:20:17:13:12 3301 -33 23.69999999999999
2016:01:20:17:13:22 3301 -33 23.69999999999999
2016:01:20:17:13:32 3301 -33 23.69999999999999
2016:01:20:17:13:42 3301 -33 23.69999999999999
2016:01:20:17:13:52 3301 -33 23.69999999999999
2016:01:20:17:14:02 3301 -33 23.69999999999999
2016:01:20:17:14:12 3301 -33 23.69999999999999
2016:01:20:17:14:22 3301 -33 23.69999999999999
2016:01:20:17:14:32 3301 -33 23.69999999999999
2016:01:20:17:14:42 3301 -33 23.69999999999999
2016:01:20:17:14:52 3301 -33 23.69999999999999
2016:01:20:17:15:02 3301 -33 23.69999999999999
2016:01:20:17:15:12 3301 -33 23.69999999999999
2016:01:20:17:15:22 3301 -33 23.69999999999999
2016:01:20:17:15:32 3300 -33 23.69999999999999
2016:01:20:17:15:42 3300 -33 23.69999999999999
2016:01:20:17:15:52 3301 -33 23.69999999999999
2016:01:20:17:16:02 3300 -33 23.69999999999999
2016:01:20:17:16:12 3300 -33 23.69999999999999
2016:01:20:17:16:22 3300 -33 23.69999999999999
2016:01:20:17:16:32 3300 -33 23.69999999999999
2016:01:20:17:16:42 3300 -33 23.69999999999999
2016:01:20:17:16:52 3300 -33 23.69999999999999
2016:01:20:17:17:02 3300 -33 23.69999999999999
2016:01:20:17:17:12 3300 -33 23.69999999999999
2016:01:20:17:17:22 3300 -33 23.69999999999999
2016:01:20:17:17:32 3300 -33 23.69999999999999
2016:01:20:17:17:42 3300 -33 23.69999999999999
2016:01:20:17:17:52 3300 -33 23.69999999999999
2016:01:20:17:18:02 3300 -33 23.69999999999999
2016:01:20:17:18:12 3300 -33 23.69999999999999
2016:01:20:17:18:22 3300 -33 23.69999999999999
2016:01:20:17:18:32 3300 -33 23.69999999999999
2016:01:20:17:18:42 3300 -33 23.69999999999999
2016:01:20:17:18:52 3300 -33 23.69999999999999
2016:01:20:17:19:02 3300 -33 23.69999999999999
2016:01:20:17:19:12 3300 -33 23.69999999999999
2016:01:20:17:19:22 3300 -33 23.69999999999999
2016:01:20:17:19:32 3300 -32 23.69999999999999
2016:01:20:17:19:42 3300 -33 23.69999999999999
2016:01:20:17:19:52 3300 -33 23.69999999999999
2016:01:20:17:20:02 3300 -33 23.69999999999999
2016:01:20:17:20:12 3300 -33 23.69999999999999
2016:01:20:17:20:22 3300 -33 23.69999999999999
2016:01:20:17:20:32 3300 -33 23.69999999999999
2016:01:20:17:20:42 3300 -33 23.69999999999999
2016:01:20:17:20:52 3300 -33 23.69999999999999
2016:01:20:17:21:02 3300 -33 23.69999999999999
2016:01:20:17:21:12 3300 -33 23.69999999999999
2016:01:20:17:21:22 3300 -33 23.69999999999999
2016:01:20:17:21:32 3300 -32 23.69999999999999
2016:01:20:17:21:42 3300 -33 23.69999999999999
2016:01:20:17:21:52 3300 -33 23.69999999999999
2016:01:20:17:22:02 3300 -33 23.69999999999999
2016:01:20:17:22:12 3300 -33 23.600000000000023
2016:01:20:17:22:22 3300 -33 23.69999999999999
2016:01:20:17:22:32 3300 -33 23.69999999999999
2016:01:20:17:22:42 3300 -33 23.69999999999999
2016:01:20:17:22:52 3300 -33 23.69999999999999
2016:01:20:17:23:02 3300 -33 23.69999999999999
2016:01:20:17:23:12 3300 -33 23.69999999999999
2016:01:20:17:23:22 3300 -33 23.69999999999999
2016:01:20:17:23:32 3300 -33 23.69999999999999
2016:01:20:17:23:42 3300 -33 23.69999999999999
2016:01:20:17:23:52 3300 -33 23.69999999999999
2016:01:20:17:24:02 3300 -33 23.69999999999999
2016:01:20:17:24:12 3300 -33 23.69999999999999
2016:01:20:17:24:22 3300 -33 23.69999999999999
2016:01:20:17:24:32 3299 -33 23.69999999999999
2016:01:20:17:24:42 3300 -33 23.69999999999999
2016:01:20:17:24:52 3300 -33 23.69999999999999
2016:01:20:17:25:02 3300 -33 23.69999999999999
2016:01:20:17:25:12 3300 -33 23.69999999999999
2016:01:20:17:25:22 3300 -33 23.69999999999999
2016:01:20:17:25:32 3300 -33 23.69999999999999
2016:01:20:17:25:42 3300 -33 23.69999999999999
2016:01:20:17:25:52 3300 -33 23.69999999999999
2016:01:20:17:26:02 3300 -33 23.80000000000001
2016:01:20:17:26:12 3299 -33 23.80000000000001
2016:01:20:17:26:22 3299 -33 23.80000000000001
2016:01:20:17:26:32 3299 -33 23.80000000000001
2016:01:20:17:26:42 3299 -33 23.69999999999999
2016:01:20:17:26:52 3299 -33 23.80000000000001
2016:01:20:17:27:02 3299 -33 23.80000000000001
2016:01:20:17:27:12 3299 -33 23.80000000000001
2016:01:20:17:27:22 3299 -33 23.80000000000001
2016:01:20:17:27:32 3300 -33 23.80000000000001
2016:01:20:17:27:42 3299 -33 23.80000000000001
2016:01:20:17:27:52 3299 -33 23.80000000000001
2016:01:20:17:28:02 3300 -33 23.80000000000001
2016:01:20:17:28:12 3299 -33 23.80000000000001
2016:01:20:17:28:22 3299 -33 23.80000000000001
2016:01:20:17:28:32 3299 -33 23.80000000000001
2016:01:20:17:28:42 3299 -33 23.80000000000001
2016:01:20:17:28:52 3299 -33 23.80000000000001
2016:01:20:17:29:02 3299 -33 23.80000000000001
2016:01:20:17:29:12 3299 -33 23.80000000000001
2016:01:20:17:29:22 3299 -33 23.80000000000001
2016:01:20:17:29:32 3299 -33 23.80000000000001
2016:01:20:17:29:43 3299 -33 23.80000000000001
2016:01:20:17:29:53 3299 -33 23.80000000000001
2016:01:20:17:30:03 3299 -33 23.80000000000001
2016:01:20:17:30:13 3299 -33 23.80000000000001
2016:01:20:17:30:23 3299 -33 23.899999999999977
2016:01:20:17:30:33 3299 -33 23.80000000000001
2016:01:20:17:30:43 3299 -33 23.80000000000001
2016:01:20:17:30:53 3299 -33 23.899999999999977
2016:01:20:17:31:03 3299 -33 23.899999999999977
2016:01:20:17:31:13 3299 -33 23.899999999999977
2016:01:20:17:31:23 3299 -33 23.80000000000001
2016:01:20:17:31:33 3299 -33 23.80000000000001
2016:01:20:17:31:43 3299 -33 23.80000000000001
2016:01:20:17:31:53 3299 -33 23.80000000000001
2016:01:20:17:32:03 3299 -33 23.69999999999999
2016:01:20:17:32:13 3299 -33 23.80000000000001
2016:01:20:17:32:23 3299 -33 23.80000000000001
2016:01:20:17:32:33 3299 -33 23.80000000000001
2016:01:20:17:32:43 3299 -33 23.80000000000001
2016:01:20:17:32:53 3299 -33 23.80000000000001
2016:01:20:17:33:04 3299 -33 23.80000000000001
2016:01:20:17:33:14 3301 -33 23.80000000000001
2016:01:20:17:33:24 3299 -33 23.80000000000001
2016:01:20:17:33:34 3299 -33 23.80000000000001
2016:01:20:17:33:44 3298 -33 23.80000000000001
2016:01:20:17:33:54 3299 -33 23.80000000000001
2016:01:20:17:34:04 3300 -33 23.69999999999999
2016:01:20:17:34:14 3302 -33 23.80000000000001
2016:01:20:17:34:24 3298 -33 23.80000000000001
2016:01:20:17:34:34 3298 -33 23.80000000000001
2016:01:20:17:34:44 3302 -33 23.80000000000001
2016:01:20:17:34:54 3298 -33 23.80000000000001
2016:01:20:17:35:04 3299 -33 23.69999999999999
2016:01:20:17:35:14 3302 -33 23.69999999999999
2016:01:20:17:35:24 3301 -33 23.80000000000001
2016:01:20:17:35:34 3298 -33 23.80000000000001
2016:01:20:17:35:44 3300 -33 23.80000000000001
2016:01:20:17:35:54 3299 -33 23.80000000000001
2016:01:20:17:36:04 3299 -33 23.80000000000001
2016:01:20:17:36:14 3300 -33 23.600000000000023
2016:01:20:17:36:24 3302 -33 23.80000000000001
2016:01:20:17:36:34 3298 -33 23.80000000000001
2016:01:20:17:36:44 3299 -33 23.600000000000023
2016:01:20:17:36:54 3301 -33 23.80000000000001
2016:01:20:17:37:04 3298 -33 23.69999999999999
2016:01:20:17:37:14 3299 -33 23.600000000000023
2016:01:20:17:37:24 3301 -33 23.600000000000023
2016:01:20:17:37:34 3300 -33 23.69999999999999
2016:01:20:17:37:44 3298 -33 23.69999999999999
2016:01:20:17:37:54 3300 -33 23.69999999999999
2016:01:20:17:38:04 3298 -33 23.69999999999999
2016:01:20:17:38:14 3299 -33 23.69999999999999
2016:01:20:17:38:24 3300 -33 23.600000000000023
2016:01:20:17:38:34 3302 -33 23.69999999999999
2016:01:20:17:38:44 3298 -33 23.69999999999999
2016:01:20:17:38:54 3298 -33 23.600000000000023
2016:01:20:17:39:04 3301 -33 23.69999999999999
2016:01:20:17:39:14 3298 -33 23.69999999999999
2016:01:20:17:39:24 3298 -33 23.600000000000023
2016:01:20:17:39:34 3302 -33 23.600000000000023
2016:01:20:17:39:44 3299 -33 23.69999999999999
2016:01:20:17:39:54 3300 -33 23.69999999999999
2016:01:20:17:40:04 3300 -33 23.69999999999999
2016:01:20:17:40:14 3298 -33 23.69999999999999
2016:01:20:17:40:24 3299 -33 23.600000000000023
2016:01:20:17:40:34 3300 -33 23.5
2016:01:20:17:40:44 3301 -33 23.69999999999999
2016:01:20:17:40:54 3298 -33 23.69999999999999
2016:01:20:17:41:04 3298 -33 23.5
2016:01:20:17:41:14 3301 -33 23.69999999999999
2016:01:20:17:41:24 3298 -33 23.69999999999999
2016:01:20:17:41:34 3298 -33 23.5
2016:01:20:17:41:44 3301 -33 23.600000000000023
2016:01:20:17:41:54 3300 -33 23.5
2016:01:20:17:42:04 3298 -33 23.69999999999999
2016:01:20:17:42:14 3300 -33 23.69999999999999
2016:01:20:17:42:24 3298 -33 23.600000000000023
2016:01:20:17:42:34 3298 -33 23.600000000000023
2016:01:20:17:42:44 3300 -33 23.5
2016:01:20:17:42:54 3299 -33 23.600000000000023
2016:01:20:17:43:04 3298 -33 23.600000000000023
2016:01:20:17:43:14 3298 -33 23.5
2016:01:20:17:43:24 3301 -33 23.600000000000023
2016:01:20:17:43:35 3297 -33 23.600000000000023
2016:01:20:17:43:45 3298 -33 23.5
2016:01:20:17:43:55 3301 -33 23.600000000000023
2016:01:20:17:44:05 3297 -33 23.600000000000023
2016:01:20:17:44:15 3297 -33 23.600000000000023
2016:01:20:17:44:25 3297 -33 23.600000000000023
2016:01:20:17:44:35 3299 -33 23.600000000000023
2016:01:20:17:44:45 3298 -33 23.600000000000023
2016:01:20:17:44:55 3298 -33 23.5
2016:01:20:17:45:05 3300 -33 23.69999999999999
2016:01:20:17:45:15 3298 -33 23.600000000000023
2016:01:20:17:45:25 3298 -33 23.5
2016:01:20:17:45:35 3297 -33 23.600000000000023
2016:01:20:17:45:45 3299 -33 23.600000000000023
2016:01:20:17:45:56 3297 -33 23.600000000000023
2016:01:20:17:46:06 3297 -33 23.600000000000023
2016:01:20:17:46:16 3298 -33 23.5
2016:01:20:17:46:26 3297 -33 23.600000000000023
2016:01:20:17:46:36 3299 -33 23.600000000000023
2016:01:20:17:46:46 3297 -33 23.600000000000023
2016:01:20:17:46:56 3297 -33 23.600000000000023
2016:01:20:17:47:06 3299 -33 23.600000000000023
2016:01:20:17:47:16 3298 -33 23.600000000000023
2016:01:20:17:47:26 3299 -33 23.69999999999999
2016:01:20:17:47:36 3297 -33 23.600000000000023
2016:01:20:17:47:46 3299 -33 23.69999999999999
2016:01:20:17:47:56 3297 -33 23.600000000000023
2016:01:20:17:48:06 3297 -33 23.600000000000023
2016:01:20:17:48:16 3299 -33 23.600000000000023
2016:01:20:17:48:26 3297 -33 23.600000000000023
2016:01:20:17:48:36 3298 -33 23.69999999999999
2016:01:20:17:48:46 3297 -33 23.600000000000023
2016:01:20:17:48:56 3297 -33 23.5
2016:01:20:17:49:06 3297 -33 23.600000000000023
2016:01:20:17:49:16 3298 -33 23.600000000000023
2016:01:20:17:49:26 3299 -33 23.600000000000023
2016:01:20:17:49:36 3297 -33 23.600000000000023
2016:01:20:17:49:46 3297 -33 23.600000000000023
2016:01:20:17:49:56 3299 -33 23.69999999999999
2016:01:20:17:50:06 3297 -33 23.600000000000023
2016:01:20:17:50:16 3297 -33 23.600000000000023
2016:01:20:17:50:26 3298 -33 23.69999999999999
2016:01:20:17:50:36 3297 -33 23.600000000000023
2016:01:20:17:50:46 3297 -33 23.600000000000023
2016:01:20:17:50:56 3300 -33 23.69999999999999
2016:01:20:17:51:06 3298 -33 23.600000000000023
2016:01:20:17:51:16 3297 -33 23.600000000000023
2016:01:20:17:51:26 3297 -33 23.600000000000023
2016:01:20:17:51:36 3297 -33 23.600000000000023
2016:01:20:17:51:46 3297 -33 23.600000000000023
2016:01:20:17:51:56 3297 -33 23.600000000000023
2016:01:20:17:52:06 3296 -33 23.5
2016:01:20:17:52:16 3297 -33 23.5
2016:01:20:17:52:26 3297 -33 23.5
2016:01:20:17:52:36 3297 -33 23.5
2016:01:20:17:52:46 3297 -33 23.5
2016:01:20:17:52:56 3297 -33 23.5
2016:01:20:17:53:06 3297 -33 23.5
2016:01:20:17:53:16 3297 -33 23.5
2016:01:20:17:53:26 3296 -33 23.5
2016:01:20:17:53:36 3296 -33 23.5
2016:01:20:17:53:46 3297 -33 23.5
2016:01:20:17:53:56 3297 -33 23.5
2016:01:20:17:54:06 3296 -33 23.5
2016:01:20:17:54:16 3296 -33 23.399999999999977
2016:01:20:17:54:26 3298 -33 23.5
2016:01:20:17:54:36 3296 -33 23.5
2016:01:20:17:54:46 3296 -33 23.5
2016:01:20:17:54:56 3297 -33 23.5
2016:01:20:17:55:06 3296 -33 23.5
2016:01:20:17:55:16 3297 -33 23.5
2016:01:20:17:55:26 3296 -33 23.399999999999977
2016:01:20:17:55:36 3297 -32 23.5
2016:01:20:17:55:46 3296 -33 23.5
2016:01:20:17:55:56 3296 -33 23.5
2016:01:20:17:56:07 3297 -33 23.5
2016:01:20:17:56:17 3296 -33 23.5
2016:01:20:17:56:27 3296 -33 23.5
2016:01:20:17:56:37 3296 -33 23.5
2016:01:20:17:56:47 3296 -33 23.5
2016:01:20:17:56:57 3296 -33 23.5
2016:01:20:17:57:07 3296 -33 23.399999999999977
2016:01:20:17:57:17 3297 -33 23.5
2016:01:20:17:57:27 3296 -33 23.5
2016:01:20:17:57:37 3296 -33 23.5
2016:01:20:17:57:47 3296 -33 23.5
2016:01:20:17:57:57 3295 -33 23.5
2016:01:20:17:58:07 3295 -33 23.5
2016:01:20:17:58:17 3295 -33 23.5
2016:01:20:17:58:27 3295 -33 23.5
2016:01:20:17:58:37 3296 -33 23.5
2016:01:20:17:58:47 3295 -33 23.399999999999977
2016:01:20:17:58:57 3295 -33 23.5
2016:01:20:17:59:07 3295 -33 23.5
2016:01:20:17:59:17 3295 -33 23.5
2016:01:20:17:59:27 3296 -33 23.5
2016:01:20:17:59:37 3295 -33 23.5
2016:01:20:17:59:47 3296 -33 23.5
2016:01:20:17:59:57 3295 -33 23.399999999999977
2016:01:20:18:00:07 3295 -33 23.5
2016:01:20:18:00:17 3295 -33 23.5
2016:01:20:18:00:27 3295 -33 23.399999999999977
2016:01:20:18:00:37 3297 -33 23.399999999999977
2016:01:20:18:00:47 3295 -33 23.399999999999977
2016:01:20:18:00:57 3296 -33 23.5
2016:01:20:18:01:07 3295 -33 23.5
2016:01:20:18:01:17 3295 -33 23.5
2016:01:20:18:01:27 3296 -33 23.5
2016:01:20:18:01:38 3295 -33 23.5
2016:01:20:18:01:48 3294 -33 23.5
2016:01:20:18:01:58 3295 -33 23.5
2016:01:20:18:02:08 3295 -33 23.5
2016:01:20:18:02:18 3295 -33 23.5
2016:01:20:18:02:28 3295 -33 23.399999999999977
2016:01:20:18:02:38 3298 -33 23.5
2016:01:20:18:02:48 3298 -33 23.5
2016:01:20:18:02:58 3294 -33 23.5
2016:01:20:18:03:08 3294 -33 23.5
2016:01:20:18:03:18 3294 -33 23.5
2016:01:20:18:03:28 3295 -33 23.5
2016:01:20:18:03:38 3295 -33 23.399999999999977
2016:01:20:18:03:48 3298 -33 23.5
2016:01:20:18:03:58 3297 -33 23.5
2016:01:20:18:04:08 3294 -33 23.5
2016:01:20:18:04:18 3294 -33 23.5
2016:01:20:18:04:28 3295 -33 23.5
2016:01:20:18:04:38 3295 -33 23.399999999999977
2016:01:20:18:04:48 3297 -33 23.5
2016:01:20:18:04:58 3297 -33 23.5
2016:01:20:18:05:09 3294 -33 23.5
2016:01:20:18:05:19 3297 -33 23.5
2016:01:20:18:05:29 3294 -33 23.5
2016:01:20:18:05:39 3294 -33 23.5
2016:01:20:18:05:49 3294 -33 23.399999999999977
2016:01:20:18:05:59 3298 -33 23.399999999999977
2016:01:20:18:06:09 3294 -33 23.5
2016:01:20:18:06:19 3294 -33 23.5
2016:01:20:18:06:29 3296 -33 23.5
2016:01:20:18:06:39 3294 -33 23.5
2016:01:20:18:06:49 3294 -33 23.5
2016:01:20:18:06:59 3294 -33 23.399999999999977
2016:01:20:18:07:09 3297 -33 23.399999999999977
2016:01:20:18:07:19 3294 -33 23.5
2016:01:20:18:07:29 3294 -33 23.5
2016:01:20:18:07:39 3294 -33 23.5
2016:01:20:18:07:49 3294 -33 23.5
2016:01:20:18:07:59 3294 -33 23.5
2016:01:20:18:08:09 3296 -33 23.30000000000001
2016:01:20:18:08:19 3294 -33 23.5
2016:01:20:18:08:29 3294 -33 23.399999999999977
2016:01:20:18:08:39 3296 -33 23.5
2016:01:20:18:08:49 3294 -33 23.5
2016:01:20:18:08:59 3293 -33 23.5
2016:01:20:18:09:09 3297 -33 23.399999999999977
2016:01:20:18:09:19 3297 -33 23.30000000000001
2016:01:20:18:09:29 3294 -33 23.5
2016:01:20:18:09:39 3293 -33 23.399999999999977
2016:01:20:18:09:49 3295 -33 23.5
2016:01:20:18:09:59 3293 -33 23.5
2016:01:20:18:10:09 3293 -33 23.5
2016:01:20:18:10:19 3294 -33 23.30000000000001
2016:01:20:18:10:29 3293 -33 23.5
2016:01:20:18:10:39 3293 -33 23.5
2016:01:20:18:10:49 3296 -33 23.5
2016:01:20:18:10:59 3293 -33 23.5
2016:01:20:18:11:09 3293 -33 23.5
2016:01:20:18:11:19 3293 -33 23.5
2016:01:20:18:11:29 3295 -33 23.30000000000001
2016:01:20:18:11:39 3293 -33 23.5
2016:01:20:18:11:49 3293 -32 23.399999999999977
2016:01:20:18:11:59 3294 -33 23.399999999999977
2016:01:20:18:12:09 3293 -33 23.5
2016:01:20:18:12:19 3293 -33 23.30000000000001
2016:01:20:18:12:29 3293 -33 23.399999999999977
2016:01:20:18:12:39 3294 -33 23.5
2016:01:20:18:12:49 3293 -33 23.5
2016:01:20:18:12:59 3293 -33 23.30000000000001
2016:01:20:18:13:10 3296 -33 23.5
2016:01:20:18:13:20 3293 -33 23.5
2016:01:20:18:13:30 3295 -33 23.30000000000001
2016:01:20:18:13:40 3295 -33 23.399999999999977
2016:01:20:18:13:50 3293 -33 23.5
2016:01:20:18:14:00 3293 -33 23.399999999999977
2016:01:20:18:14:10 3293 -33 23.399999999999977
2016:01:20:18:14:20 3293 -33 23.399999999999977
2016:01:20:18:14:30 3293 -33 23.5
2016:01:20:18:14:40 3295 -33 23.399999999999977
2016:01:20:18:14:50 3294 -33 23.399999999999977
2016:01:20:18:15:00 3293 -33 23.5
2016:01:20:18:15:10 3292 -33 23.399999999999977
2016:01:20:18:15:20 3292 -33 23.399999999999977
2016:01:20:18:15:30 3292 -33 23.399999999999977
2016:01:20:18:15:40 3293 -33 23.30000000000001
2016:01:20:18:15:50 3293 -33 23.399999999999977
2016:01:20:18:16:00 3295 -33 23.5
2016:01:20:18:16:11 3292 -33 23.399999999999977
2016:01:20:18:16:21 3292 -33 23.399999999999977
2016:01:20:18:16:31 3292 -33 23.399999999999977
2016:01:20:18:16:41 3293 -33 23.30000000000001
2016:01:20:18:16:51 3293 -33 23.399999999999977
2016:01:20:18:17:01 3295 -33 23.399999999999977
2016:01:20:18:17:11 3292 -33 23.399999999999977
2016:01:20:18:17:21 3292 -33 23.399999999999977
2016:01:20:18:17:31 3292 -33 23.399999999999977
2016:01:20:18:17:41 3292 -33 23.399999999999977
2016:01:20:18:17:51 3292 -33 23.399999999999977
2016:01:20:18:18:01 3292 -33 23.19999999999999
2016:01:20:18:18:11 3294 -33 23.399999999999977
2016:01:20:18:18:21 3292 -33 23.399999999999977
2016:01:20:18:18:31 3292 -33 23.399999999999977
2016:01:20:18:18:41 3292 -33 23.399999999999977
2016:01:20:18:18:51 3291 -33 23.399999999999977
2016:01:20:18:19:01 3292 -33 23.399999999999977
2016:01:20:18:19:11 3294 -33 23.399999999999977
2016:01:20:18:19:21 3292 -33 23.399999999999977
2016:01:20:18:19:31 3291 -33 23.399999999999977
2016:01:20:18:19:41 3292 -33 23.399999999999977
2016:01:20:18:19:51 3292 -33 23.399999999999977
2016:01:20:18:20:01 3291 -33 23.30000000000001
2016:01:20:18:20:13 3291 -33 23.399999999999977
2016:01:20:18:40:12 3288 -32 23.5
2016:01:20:18:40:22 3288 -33 23.5
2016:01:20:18:40:32 3288 -33 23.5
2016:01:20:18:40:45 3288 -33 23.5
2016:01:20:18:40:54 3288 -32 23.5
2016:01:20:18:41:04 3287 -33 23.5
2016:01:20:18:41:14 3287 -33 23.5
2016:01:20:18:41:24 3287 -33 23.5
2016:01:20:18:41:34 3287 -33 23.5
2016:01:20:18:41:44 3288 -33 23.5
2016:01:20:18:41:54 3287 -33 23.5
2016:01:20:18:42:04 3287 -33 23.5
2016:01:20:18:42:14 3287 -32 23.5
2016:01:20:18:42:24 3287 -32 23.5
2016:01:20:18:42:34 3287 -33 23.5
2016:01:20:18:42:44 3287 -33 23.5
2016:01:20:18:42:54 3288 -33 23.5
2016:01:20:18:43:04 3287 -33 23.5
2016:01:20:18:43:14 3287 -33 23.5
2016:01:20:18:43:24 3287 -33 23.5
2016:01:20:18:43:34 3287 -33 23.5
2016:01:20:18:43:44 3287 -33 23.5
2016:01:20:18:43:54 3287 -33 23.5
2016:01:20:18:44:04 3287 -32 23.5
2016:01:20:18:44:14 3287 -32 23.5
2016:01:20:18:44:24 3287 -32 23.5
2016:01:20:18:44:34 3287 -32 23.5
2016:01:20:18:44:44 3287 -32 23.5
2016:01:20:18:44:54 3287 -32 23.5
2016:01:20:18:45:04 3287 -32 23.5
2016:01:20:18:45:14 3287 -33 23.5
2016:01:20:18:45:24 3287 -33 23.5
2016:01:20:18:45:34 3287 -33 23.5
2016:01:20:18:45:45 3287 -33 23.5
2016:01:20:18:45:55 3287 -33 23.399999999999977
2016:01:20:18:46:05 3287 -32 23.5
2016:01:20:18:46:15 3287 -32 23.5
2016:01:20:18:46:25 3287 -33 23.5
2016:01:20:18:55:35 3285 -33 23.5
2016:01:20:18:56:54 3285 -32 23.5
2016:01:20:18:57:06 3285 -33 23.5
2016:01:20:18:57:14 3285 -33 23.5
2016:01:20:18:57:24 3285 -32 23.5
2016:01:20:18:57:34 3284 -33 23.5
2016:01:20:18:57:44 3285 -33 23.5
2016:01:20:18:57:54 3285 -33 23.5
2016:01:20:18:58:04 3285 -33 23.5
2016:01:20:18:58:14 3284 -33 23.5
2016:01:20:18:58:24 3285 -33 23.5
2016:01:20:18:58:34 3285 -33 23.5
2016:01:20:18:58:44 3284 -33 23.5
2016:01:20:18:58:54 3284 -33 23.5
2016:01:20:18:59:04 3284 -33 23.5
2016:01:20:18:59:19 3284 -33 23.5
2016:01:20:19:00:24 3284 -33 23.5
2016:01:20:19:00:30 3428 762 23.399999999999977
2016:01:20:19:00:39 3455 747 23.5
2016:01:20:19:00:49 3472 715 23.600000000000023
2016:01:20:19:00:59 3482 690 23.600000000000023
2016:01:20:19:01:09 3489 674 23.69999999999999
2016:01:20:19:01:19 3494 666 23.69999999999999
2016:01:20:19:01:29 3495 655 23.80000000000001
2016:01:20:19:01:39 3497 645 23.80000000000001
2016:01:20:19:01:49 3505 681 23.899999999999977
2016:01:20:19:01:59 3501 652 24
2016:01:20:19:02:09 3501 645 24
2016:01:20:19:02:19 3498 625 24
2016:01:20:19:02:29 3496 611 24.100000000000023
2016:01:20:19:02:39 3495 603 24.100000000000023
2016:01:20:19:02:49 3498 618 24.19999999999999
2016:01:20:19:02:59 3498 621 24.19999999999999
2016:01:20:19:03:09 3509 681 24.19999999999999
2016:01:20:19:03:19 3512 685 24.30000000000001
2016:01:20:19:03:29 3513 684 24.30000000000001
2016:01:20:19:03:39 3518 687 24.30000000000001
2016:01:20:19:03:49 3516 695 24.399999999999977
2016:01:20:19:03:59 3518 698 24.399999999999977
2016:01:20:19:04:09 3518 699 24.399999999999977
2016:01:20:19:04:19 3519 699 24.399999999999977
2016:01:20:19:04:29 3519 700 24.399999999999977
2016:01:20:19:04:39 3520 701 24.399999999999977
2016:01:20:19:04:49 3520 701 24.5
2016:01:20:19:04:59 3521 701 24.5
2016:01:20:19:05:09 3520 699 24.5
2016:01:20:19:05:19 3520 696 24.5
2016:01:20:19:05:29 3521 699 24.5
2016:01:20:19:05:39 3520 690 24.5
2016:01:20:19:05:49 3519 688 24.5
2016:01:20:19:05:59 3519 686 24.600000000000023
2016:01:20:19:06:09 3520 685 24.600000000000023
2016:01:20:19:06:19 3519 682 24.600000000000023
2016:01:20:19:06:29 3520 685 24.600000000000023
2016:01:20:19:06:39 3522 692 24.600000000000023
2016:01:20:19:06:49 3522 693 24.600000000000023
2016:01:20:19:06:59 3523 693 24.600000000000023
2016:01:20:19:07:09 3524 693 24.600000000000023
2016:01:20:19:07:19 3524 695 24.600000000000023
2016:01:20:19:07:29 3524 689 24.600000000000023
2016:01:20:19:07:39 3524 690 24.69999999999999
2016:01:20:19:07:49 3525 691 24.69999999999999
2016:01:20:19:07:59 3526 691 24.600000000000023
2016:01:20:19:08:09 3526 690 24.69999999999999
2016:01:20:19:08:19 3527 691 24.69999999999999
2016:01:20:19:08:29 3527 691 24.69999999999999
2016:01:20:19:08:39 3528 692 24.69999999999999
2016:01:20:19:08:49 3529 693 24.69999999999999
2016:01:20:19:08:59 3530 695 24.69999999999999
2016:01:20:19:09:09 3530 693 24.69999999999999
2016:01:20:19:09:19 3532 696 24.69999999999999
2016:01:20:19:09:29 3532 695 24.69999999999999
2016:01:20:19:09:39 3533 695 24.69999999999999
2016:01:20:19:09:49 3533 694 24.69999999999999
2016:01:20:19:09:59 3533 691 24.69999999999999
2016:01:20:19:10:09 3534 693 24.69999999999999
2016:01:20:19:10:19 3534 692 24.69999999999999
2016:01:20:19:10:29 3535 691 24.69999999999999
2016:01:20:19:10:39 3534 685 24.69999999999999
2016:01:20:19:10:49 3534 682 24.69999999999999
2016:01:20:19:10:59 3535 681 24.69999999999999
2016:01:20:19:11:09 3536 681 24.69999999999999
2016:01:20:19:11:19 3536 682 24.69999999999999
2016:01:20:19:11:29 3537 682 24.69999999999999
2016:01:20:19:11:39 3538 681 24.69999999999999
2016:01:20:19:11:49 3539 676 24.69999999999999
2016:01:20:19:11:59 3538 666 24.69999999999999
2016:01:20:19:12:09 3538 671 24.69999999999999
2016:01:20:19:12:19 3538 668 24.69999999999999
2016:01:20:19:12:29 3536 649 24.69999999999999
2016:01:20:19:12:39 3538 663 24.69999999999999
2016:01:20:19:12:49 3539 662 24.69999999999999
2016:01:20:19:12:59 3539 662 24.69999999999999
2016:01:20:19:13:09 3542 674 24.69999999999999
2016:01:20:19:13:19 3544 677 24.69999999999999
2016:01:20:19:13:29 3546 679 24.69999999999999
2016:01:20:19:13:39 3547 680 24.69999999999999
2016:01:20:19:13:49 3549 682 24.69999999999999
2016:01:20:19:13:59 3550 680 24.69999999999999
2016:01:20:19:14:09 3551 681 24.69999999999999
2016:01:20:19:14:19 3552 680 24.69999999999999
2016:01:20:19:14:29 3554 683 24.69999999999999
2016:01:20:19:14:39 3555 681 24.69999999999999
2016:01:20:19:14:49 3556 682 24.69999999999999
2016:01:20:19:14:59 3557 683 24.69999999999999
2016:01:20:19:15:09 3559 681 24.69999999999999
2016:01:20:19:15:19 3560 681 24.69999999999999
2016:01:20:19:15:29 3562 682 24.69999999999999
2016:01:20:19:15:39 3563 681 24.69999999999999
2016:01:20:19:15:49 3564 681 24.69999999999999
2016:01:20:19:15:59 3566 680 24.69999999999999
2016:01:20:19:16:09 3567 679 24.69999999999999
2016:01:20:19:16:19 3568 678 24.69999999999999
2016:01:20:19:16:29 3570 677 24.69999999999999
2016:01:20:19:16:39 3572 676 24.69999999999999
2016:01:20:19:16:49 3573 675 24.69999999999999
2016:01:20:19:16:59 3575 674 24.69999999999999
2016:01:20:19:17:09 3576 673 24.69999999999999
2016:01:20:19:17:19 3578 674 24.69999999999999
2016:01:20:19:17:29 3582 681 24.600000000000023
2016:01:20:19:17:39 3585 680 24.600000000000023
2016:01:20:19:17:49 3587 678 24.600000000000023
2016:01:20:19:17:59 3589 676 24.600000000000023
2016:01:20:19:18:09 3591 673 24.600000000000023
2016:01:20:19:18:19 3593 671 24.600000000000023
2016:01:20:19:18:29 3596 669 24.600000000000023
2016:01:20:19:18:39 3599 666 24.600000000000023
2016:01:20:19:18:49 3601 664 24.600000000000023
2016:01:20:19:18:59 3604 661 24.600000000000023
2016:01:20:19:19:09 3607 657 24.600000000000023
2016:01:20:19:19:19 3611 654 24.600000000000023
2016:01:20:19:19:29 3614 650 24.600000000000023
2016:01:20:19:19:39 3618 646 24.600000000000023
2016:01:20:19:19:49 3623 640 24.600000000000023
2016:01:20:19:19:59 3627 635 24.600000000000023
2016:01:20:19:20:09 3632 629 24.600000000000023
2016:01:20:19:20:19 3638 622 24.600000000000023
2016:01:20:19:20:29 3644 615 24.600000000000023
2016:01:20:19:20:39 3652 606 24.5
2016:01:20:19:20:49 3661 595 24.5
2016:01:20:19:20:59 3666 570 24.5
2016:01:20:19:21:09 3678 562 24.5
2016:01:20:19:21:19 3692 547 24.5
2016:01:20:19:21:29 3709 528 24.5
2016:01:20:19:21:39 3729 505 24.5
2016:01:20:19:21:49 3752 478 24.5
2016:01:20:19:21:59 3778 447 24.5
2016:01:20:19:22:09 3808 412 24.5
2016:01:20:19:22:19 3835 381 24.399999999999977
2016:01:20:19:22:29 3860 352 24.399999999999977
2016:01:20:19:22:39 3883 324 24.399999999999977
2016:01:20:19:22:49 3904 299 24.399999999999977
2016:01:20:19:22:59 3923 276 24.30000000000001
2016:01:20:19:23:09 3941 254 24.30000000000001
2016:01:20:19:23:19 3957 236 24.30000000000001
2016:01:20:19:23:29 3970 221 24.30000000000001
2016:01:20:19:23:39 3982 206 24.19999999999999
2016:01:20:19:23:49 3993 193 24.19999999999999
2016:01:20:19:23:59 4002 182 24.19999999999999
2016:01:20:19:24:09 4012 170 24.100000000000023
2016:01:20:19:24:19 4020 161 24.100000000000023
2016:01:20:19:24:29 4027 152 24.100000000000023
2016:01:20:19:24:39 4033 145 24.100000000000023
2016:01:20:19:24:49 4039 138 24
2016:01:20:19:24:59 4044 132 24
2016:01:20:19:25:09 4050 125 24
2016:01:20:19:25:19 4054 120 24
2016:01:20:19:25:29 4058 114 24
2016:01:20:19:25:39 4061 110 23.899999999999977
2016:01:20:19:25:49 4065 105 23.899999999999977
2016:01:20:19:25:59 4069 101 23.899999999999977
2016:01:20:19:26:09 4072 97 23.899999999999977
2016:01:20:19:26:19 4075 93 23.899999999999977
2016:01:20:19:26:29 4078 90 23.80000000000001
2016:01:20:19:26:39 4080 87 23.80000000000001
2016:01:20:19:26:49 4083 84 23.80000000000001
2016:01:20:19:26:59 4085 81 23.80000000000001
2016:01:20:19:27:09 4087 81 23.80000000000001
2016:01:20:19:27:19 4089 76 23.80000000000001
2016:01:20:19:27:29 4091 74 23.80000000000001
2016:01:20:19:27:39 4093 72 23.80000000000001
2016:01:20:19:27:49 4095 69 23.69999999999999
2016:01:20:19:27:59 4094 66 23.69999999999999
2016:01:20:19:28:09 4095 64 23.69999999999999
2016:01:20:19:28:19 4096 63 23.69999999999999
2016:01:20:19:28:29 4098 61 23.69999999999999
2016:01:20:19:28:39 4099 60 23.69999999999999
2016:01:20:19:28:49 4099 58 23.69999999999999
2016:01:20:19:28:59 4101 57 23.69999999999999
2016:01:20:19:29:09 4102 55 23.69999999999999
2016:01:20:19:29:19 4103 54 23.69999999999999
2016:01:20:19:29:29 4104 53 23.69999999999999
2016:01:20:19:29:39 4106 52 23.69999999999999
2016:01:20:19:29:49 4106 50 23.69999999999999
2016:01:20:19:29:59 4107 49 23.69999999999999
2016:01:20:19:30:09 4108 48 23.69999999999999
2016:01:20:19:30:19 4109 47 23.69999999999999
2016:01:20:19:30:29 4109 45 23.600000000000023
2016:01:20:19:30:39 4110 45 23.600000000000023
2016:01:20:19:30:49 4111 44 23.600000000000023
2016:01:20:19:30:59 4110 42 23.600000000000023
2016:01:20:19:31:09 4111 42 23.600000000000023
2016:01:20:19:31:19 4112 -14 23.600000000000023
2016:01:20:19:31:29 3990 -39 23.600000000000023
2016:01:20:19:31:39 3903 -39 23.600000000000023
2016:01:20:19:31:49 3826 -38 23.600000000000023
2016:01:20:19:31:59 3749 -37 23.600000000000023
2016:01:20:19:32:09 3685 -37 23.600000000000023
2016:01:20:19:32:19 3629 -36 23.5
2016:01:20:19:32:29 3582 -36 23.5
2016:01:20:19:32:39 3549 -35 23.5
2016:01:20:19:32:49 3525 -35 23.5
2016:01:20:19:32:59 3506 -35 23.5
2016:01:20:19:33:09 3493 -34 23.5
2016:01:20:19:33:19 3481 -34 23.5
2016:01:20:19:33:29 3472 -34 23.5
2016:01:20:19:33:39 3464 -34 23.5
2016:01:20:19:33:49 3456 -34 23.5
2016:01:20:19:33:59 3449 -34 23.5
2016:01:20:19:34:09 3443 -34 23.5
2016:01:20:19:34:19 3438 -34 23.5
2016:01:20:19:34:29 3433 -34 23.5
2016:01:20:19:34:39 3428 -34 23.5
2016:01:20:19:34:49 3424 -34 23.5
2016:01:20:19:34:59 3420 -34 23.5
2016:01:20:19:35:09 3416 -34 23.5
2016:01:20:19:35:19 3413 -34 23.5
2016:01:20:19:35:29 3409 -34 23.5
2016:01:20:19:35:39 3406 -34 23.5
2016:01:20:19:35:49 3403 -34 23.5
2016:01:20:19:35:59 3400 -34 23.5
