2016:01:07:18:24:45 3584 -36 22.69999999999999
2016:01:07:18:24:55 3584 -36 22.69999999999999
2016:01:07:18:25:05 3585 -35 22.69999999999999
2016:01:07:18:26:07 3584 -36 22.69999999999999
2016:01:07:18:26:17 3773 674 22.69999999999999
2016:01:07:18:26:27 3778 655 22.69999999999999
2016:01:07:18:26:37 3782 644 22.69999999999999
2016:01:07:18:26:47 3785 638 22.80000000000001
2016:01:07:18:26:57 3787 632 22.80000000000001
2016:01:07:18:27:07 3789 628 22.80000000000001
2016:01:07:18:27:17 3790 625 22.80000000000001
2016:01:07:18:27:27 3791 623 22.899999999999977
2016:01:07:18:27:37 3792 622 22.899999999999977
2016:01:07:18:27:47 3793 620 22.899999999999977
2016:01:07:18:27:57 3794 619 22.899999999999977
2016:01:07:18:28:07 3794 618 23
2016:01:07:18:28:17 3795 617 23
2016:01:07:18:28:27 3796 616 23
2016:01:07:18:28:37 3796 615 23
2016:01:07:18:28:47 3797 614 23
2016:01:07:18:28:57 3797 613 23.100000000000023
2016:01:07:18:29:07 3798 612 23.100000000000023
2016:01:07:18:29:17 3798 611 23.100000000000023
2016:01:07:18:29:27 3799 610 23.100000000000023
2016:01:07:18:29:37 3799 609 23.100000000000023
2016:01:07:18:29:47 3800 608 23.100000000000023
2016:01:07:18:29:57 3800 607 23.100000000000023
2016:01:07:18:30:07 3801 605 23.100000000000023
2016:01:07:18:30:17 3801 605 23.19999999999999
2016:01:07:18:30:27 3802 604 23.19999999999999
2016:01:07:18:30:37 3802 603 23.19999999999999
2016:01:07:18:30:47 3803 602 23.19999999999999
2016:01:07:18:30:57 3803 601 23.19999999999999
2016:01:07:18:31:07 3804 600 23.19999999999999
2016:01:07:18:31:17 3805 599 23.19999999999999
2016:01:07:18:31:27 3805 598 23.19999999999999
2016:01:07:18:31:37 3805 597 23.19999999999999
2016:01:07:18:31:47 3806 596 23.19999999999999
2016:01:07:18:31:57 3807 595 23.19999999999999
2016:01:07:18:32:07 3807 594 23.19999999999999
2016:01:07:18:32:17 3808 593 23.19999999999999
2016:01:07:18:32:27 3808 592 23.19999999999999
2016:01:07:18:32:37 3809 591 23.19999999999999
2016:01:07:18:32:47 3810 590 23.19999999999999
2016:01:07:18:32:57 3811 589 23.19999999999999
2016:01:07:18:33:07 3811 588 23.30000000000001
2016:01:07:18:33:17 3812 587 23.19999999999999
2016:01:07:18:33:27 3812 585 23.19999999999999
2016:01:07:18:33:37 3813 583 23.30000000000001
2016:01:07:18:33:47 3814 582 23.30000000000001
2016:01:07:18:33:57 3814 582 23.30000000000001
2016:01:07:18:34:07 3815 580 23.30000000000001
2016:01:07:18:34:17 3816 579 23.30000000000001
2016:01:07:18:34:27 3816 578 23.30000000000001
2016:01:07:18:34:37 3817 577 23.30000000000001
2016:01:07:18:34:47 3818 576 23.30000000000001
2016:01:07:18:34:57 3818 575 23.30000000000001
2016:01:07:18:35:07 3819 574 23.30000000000001
2016:01:07:18:35:17 3820 573 23.30000000000001
2016:01:07:18:35:27 3821 572 23.19999999999999
2016:01:07:18:35:37 3821 570 23.19999999999999
2016:01:07:18:35:47 3822 568 23.19999999999999
2016:01:07:18:35:57 3823 567 23.19999999999999
2016:01:07:18:36:07 3824 566 23.19999999999999
2016:01:07:18:36:17 3824 565 23.19999999999999
2016:01:07:18:36:27 3825 564 23.19999999999999
2016:01:07:18:36:37 3826 563 23.19999999999999
2016:01:07:18:36:47 3826 562 23.19999999999999
2016:01:07:18:36:57 3827 561 23.19999999999999
2016:01:07:18:37:07 3828 559 23.19999999999999
2016:01:07:18:37:17 3829 562 23.19999999999999
2016:01:07:18:37:27 3830 560 23.19999999999999
2016:01:07:18:37:37 3830 559 23.19999999999999
2016:01:07:18:37:47 3831 558 23.19999999999999
2016:01:07:18:37:57 3832 557 23.19999999999999
2016:01:07:18:38:07 3832 556 23.19999999999999
2016:01:07:18:38:17 3833 555 23.19999999999999
2016:01:07:18:38:27 3834 554 23.19999999999999
2016:01:07:18:38:37 3835 553 23.19999999999999
2016:01:07:18:38:47 3835 552 23.19999999999999
2016:01:07:18:38:57 3836 551 23.19999999999999
2016:01:07:18:39:07 3836 550 23.19999999999999
2016:01:07:18:39:17 3837 549 23.19999999999999
2016:01:07:18:39:27 3838 548 23.19999999999999
2016:01:07:18:39:37 3838 546 23.19999999999999
2016:01:07:18:39:47 3839 545 23.19999999999999
2016:01:07:18:39:57 3839 544 23.19999999999999
2016:01:07:18:40:07 3840 543 23.19999999999999
2016:01:07:18:40:17 3841 542 23.19999999999999
2016:01:07:18:40:27 3841 541 23.19999999999999
2016:01:07:18:40:37 3842 540 23.19999999999999
2016:01:07:18:40:47 3843 539 23.19999999999999
2016:01:07:18:40:57 3844 537 23.19999999999999
2016:01:07:18:41:07 3844 536 23.19999999999999
2016:01:07:18:41:17 3845 535 23.19999999999999
2016:01:07:18:41:27 3845 534 23.19999999999999
2016:01:07:18:41:37 3846 533 23.19999999999999
2016:01:07:18:41:47 3847 531 23.19999999999999
2016:01:07:18:41:57 3847 529 23.19999999999999
